R = 0.046632
P = 0.068724
A = 42.764318
F = 55.465429

