R = 0.009279
P = 0.305395
A = 0.908707
F = 1.801047

