R = 0.484322
P = 0.792616
A = 42.985129
F = 60.125314

