R = 0.653374
P = 0.864698
A = 59.277139
F = 74.432702

