R-= 0.552391
P = 0.848398
A = 50.276441
F = 66.911940

