R = 0.138906
P = 0.099125
A = 6.139720
F = 11.569127

