R = 0.664268
P = 0.846554
A = 59.288210
F = 74.441429

