R = 0.616636
P = 0.828633
A = 54.689385
F = 70.708646

