R = 0.068869
P = 0.058694
A = 2.114756
F = 6.310214

