R = 0.030531
P = 0.024499
A = 0.950720
F = 2.719447

