R = 0.001426
P = 0.313230
A = 0.142203
F = 0.284003

