R = 0.013288
P = 0.318335
A = 1.292024
F = 2.551088

